1000 1000
6537 2331 
5658 2223 
4718 1 
6966 7210 
3977 9691 
428 1395 
8890 3172 
6500 4449 
2335 725 
2318 4403 
3578 1160 
2829 6492 
5040 6796 
9810 5548 
9352 266 
5411 7607 
8565 3567 
7090 8972 
3166 248 
946 2943 
6945 9894 
2458 6996 
8440 9557 
7294 7663 
7120 9129 
2206 7719 
2718 3435 
417 8374 
4237 3284 
6139 2595 
521 58 
5123 9823 
3300 6817 
1206 7256 
7538 9989 
3281 386 
9560 7878 
5102 1199 
4714 3454 
9965 9673 
2985 5134 
6941 3089 
2398 7797 
2416 318 
2694 6397 
1656 6960 
8462 3624 
990 1852 
8406 7021 
8073 8437 
2099 9489 
6883 3476 
4854 7200 
3007 8399 
9090 8109 
3168 2396 
4920 5416 
8988 7738 
935 7261 
7114 2844 
5597 5898 
5920 6843 
8379 1045 
2658 6990 
2038 649 
696 7375 
9930 8001 
5445 6366 
2584 2082 
2086 2501 
855 4911 
8136 7289 
7668 7500 
1007 2234 
4316 5973 
6754 8821 
3416 4190 
3355 8266 
3137 6195 
5241 7250 
683 5984 
219 9284 
407 721 
6060 6537 
2681 9092 
40 3476 
7966 5196 
2624 4524 
7321 9118 
932 7148 
8811 1951 
1746 7721 
9458 7063 
7396 3813 
4233 2704 
3895 7045 
3148 2572 
5794 7215 
1842 8776 
7875 5429 
8717 9483 
9098 8725 
7352 5590 
3163 3763 
1571 2393 
1 8187 
8071 7974 
5563 8814 
6808 4954 
9377 3933 
7965 699 
5571 9421 
8305 76 
5721 1010 
7993 9419 
7643 4657 
2697 376 
2843 2168 
335 4509 
4436 6293 
9348 479 
326 4661 
9236 3622 
8489 7743 
4846 7656 
852 7929 
2410 7223 
4066 6667 
3156 6289 
7938 7950 
3431 7176 
7114 759 
5109 3433 
7335 2294 
2893 3770 
5408 3519 
7518 7945 
9589 5409 
7207 6014 
9401 951 
401 7965 
8487 7996 
3272 6884 
3263 797 
2559 2484 
1782 7486 
1153 8870 
1517 4507 
6313 8714 
6335 6376 
3649 8761 
4130 7292 
9622 3105 
9520 4908 
2159 3235 
2717 2975 
4823 1433 
5577 2450 
7897 909 
3659 2652 
867 2646 
9671 1891 
9081 9595 
9370 4013 
5274 2861 
3482 3142 
9360 3160 
8803 5042 
2197 4092 
4661 5751 
7313 189 
5480 3701 
9355 1887 
8779 3592 
1885 5926 
5011 8231 
478 7902 
4748 1498 
3050 998 
4961 811 
8611 2957 
646 6839 
218 8537 
625 2562 
1540 550 
2264 7141 
462 7640 
9103 6379 
8002 413 
888 3674 
1190 6927 
4341 9449 
8621 6992 
9001 3786 
4928 8395 
2668 6563 
4346 7382 
3754 5026 
4728 4840 
8198 4174 
2807 8564 
3538 8673 
9464 4205 
1750 7694 
7117 7491 
1003 3428 
522 9428 
4816 4718 
7900 5586 
3111 713 
4641 732 
1850 9090 
6465 2348 
613 4094 
4993 1518 
7407 3229 
9563 6977 
3384 1712 
9370 3659 
1698 2836 
409 9621 
4899 6592 
1457 4242 
8406 1879 
7146 6915 
3110 1472 
7332 5691 
5177 5843 
4755 9085 
8286 6918 
2064 93 
1265 5740 
5653 2747 
7295 7647 
2998 6225 
9265 479 
9576 9668 
5966 4857 
4192 6700 
7319 7278 
8705 2827 
345 6676 
8600 4471 
4862 5118 
7535 1978 
2479 1405 
9036 4721 
475 6993 
4365 1374 
5666 1653 
4706 1505 
5984 6995 
6702 613 
4249 6217 
8507 6397 
238 9789 
2856 895 
338 6374 
2277 1742 
9735 2635 
1760 8421 
9631 1681 
1632 3130 
1897 4479 
3588 48 
6856 2749 
8156 8545 
8142 73 
8596 9865 
1819 1641 
5205 9802 
3147 3135 
751 379 
9198 4742 
9952 8400 
7565 8448 
7596 9619 
6276 4931 
3348 2424 
6122 3217 
3578 2176 
827 1528 
4657 9651 
248 3085 
5496 3319 
8919 1935 
428 734 
4968 7324 
5578 3155 
3104 4950 
9881 3201 
9806 1375 
937 5208 
5856 5099 
5442 4713 
1889 2719 
651 9386 
1524 3104 
6503 2396 
5960 8931 
2796 6791 
8007 6142 
9946 1110 
1454 9983 
2737 5655 
81 2273 
797 8251 
2670 9502 
1911 8805 
8054 2190 
5212 2359 
7011 7367 
7727 5423 
5095 4557 
8825 5889 
3180 5646 
1874 1954 
9586 3807 
3167 3225 
727 4702 
4566 6785 
5932 6311 
6684 718 
4790 8231 
3992 5307 
1916 6917 
3806 9353 
9812 4747 
7134 4350 
8441 8687 
4344 3666 
8187 6207 
7623 1744 
9672 5047 
7095 4402 
6566 1370 
5677 8436 
1390 943 
1726 6323 
5974 2308 
7014 2780 
5147 5113 
225 8098 
2338 3735 
9687 5950 
3074 1179 
796 8231 
7613 3297 
3498 8166 
6395 7711 
2129 7404 
4928 6689 
8592 9379 
8659 3382 
5690 4299 
3610 7458 
3372 7673 
3545 2250 
683 4455 
9307 7875 
1346 640 
5088 5148 
3938 8491 
2121 6680 
97 3267 
315 8109 
5192 3727 
2390 1424 
8975 6436 
274 985 
508 8872 
7506 5532 
3957 970 
5521 875 
5185 6045 
6273 4340 
327 565 
2016 1710 
57 1507 
5755 5515 
5502 7218 
773 9839 
7301 4233 
7313 6753 
3257 3278 
5757 6063 
9444 3796 
2395 3419 
4627 4988 
1001 8666 
2609 6735 
5586 3934 
5464 6526 
1615 1648 
881 5030 
1262 136 
1251 4847 
4319 994 
6391 9514 
5604 2105 
1106 5984 
589 4285 
9549 758 
1510 1280 
6641 5875 
9083 7323 
9338 7026 
8921 6682 
8756 3699 
8560 7286 
3270 645 
8966 3512 
7391 2438 
8159 2061 
4560 7072 
8610 2 
3460 4088 
329 3173 
2457 8226 
2022 2989 
4974 4660 
3750 5223 
4829 3737 
3437 4289 
179 7410 
4131 5971 
5023 6165 
560 9006 
3754 879 
8833 1133 
2164 8741 
361 7648 
150 1038 
6027 2587 
2202 8367 
9451 67 
2179 4507 
7827 3019 
5967 4067 
7641 774 
5094 6639 
649 5401 
2243 1730 
6949 6234 
3975 6940 
5356 372 
1586 1264 
8034 2870 
4661 137 
2138 78 
7150 5462 
7101 8377 
9621 6016 
255 6668 
6275 3127 
344 2632 
1339 5491 
4163 501 
4975 7323 
1576 2711 
6228 3049 
6573 1873 
1011 5514 
2261 2607 
6343 1492 
457 6625 
7348 2400 
9725 5672 
1609 4492 
6345 8711 
9673 9527 
5123 6102 
6757 5546 
2958 6382 
2819 6071 
9899 2532 
3060 7283 
1395 3714 
7879 2556 
9073 521 
1399 6524 
8154 9340 
5496 9179 
9050 5059 
7955 4748 
3446 102 
8071 8168 
1046 8704 
8553 1955 
3234 1278 
2985 3139 
8011 3999 
8995 5523 
2167 4381 
6024 6255 
1190 6578 
2331 6654 
3924 1959 
8587 4235 
9865 902 
3127 4208 
4345 1335 
4023 4180 
3085 7371 
8858 1477 
107 4469 
3643 471 
2163 5859 
5091 9656 
419 1062 
5133 1144 
3031 2075 
923 7458 
9286 9638 
5253 2508 
2706 7477 
653 7726 
6057 2062 
7719 7807 
3023 295 
4207 7431 
6283 6353 
9155 6566 
9005 2500 
3933 5788 
2585 5231 
4407 8421 
326 7213 
8085 9089 
8529 3643 
2775 4765 
9702 4808 
5184 3353 
6378 7850 
9613 6710 
6897 2754 
1284 3939 
2384 9256 
3755 3671 
9916 911 
2642 653 
8092 8434 
1710 6137 
853 8797 
2501 9010 
131 8794 
7638 4181 
4940 9350 
3500 1916 
7388 3888 
9977 1356 
6594 5092 
6521 6557 
1781 4059 
5023 9500 
202 7114 
2599 3790 
7438 8028 
5324 6486 
7108 6816 
5114 7308 
3646 4437 
1584 5225 
5380 4505 
5249 3872 
397 2127 
2004 6752 
4316 5171 
1461 636 
248 7061 
1067 2150 
6125 3856 
8250 1085 
4199 448 
6463 8308 
6958 9047 
8684 5914 
4919 8227 
6448 8236 
4147 168 
5294 9976 
5755 6430 
8673 947 
8035 7719 
3039 4478 
1700 8985 
660 2175 
7833 8265 
546 410 
5458 3370 
205 7774 
953 8228 
4265 7235 
9415 9190 
2924 9979 
4375 6340 
5788 9731 
6183 4327 
6335 436 
4566 9756 
3817 3388 
9260 3154 
753 6290 
94 6604 
8378 9131 
4583 7038 
2935 5855 
3950 5161 
657 1946 
6476 2027 
1272 959 
9655 7869 
5617 4718 
2891 9367 
3628 3851 
5714 4469 
1878 3780 
329 2623 
6950 8747 
2673 1582 
7821 3717 
7162 2844 
6645 1322 
7089 6967 
214 4105 
2761 171 
8040 1310 
8727 84 
5402 1808 
3626 5401 
794 4213 
1534 1182 
7002 5000 
1714 7584 
844 5388 
6881 3080 
2538 5449 
6127 52 
3967 1101 
2480 2363 
8196 3843 
9788 7453 
8981 9272 
6753 9798 
8782 746 
4019 4053 
4331 2555 
7170 1118 
1763 208 
1370 131 
3991 9073 
5988 944 
5652 7164 
6874 3454 
2664 9253 
6656 1574 
565 1055 
6420 7494 
2143 6658 
4520 1395 
7175 2119 
5100 7276 
5193 1196 
3141 5072 
2562 1229 
6021 1376 
8748 4099 
9733 613 
7540 5024 
4737 4426 
6682 8635 
7830 5362 
4242 6149 
8090 9546 
1407 5826 
2137 6177 
815 8119 
7784 1536 
5001 7869 
6038 8459 
6166 384 
8553 2278 
5744 7746 
4782 4546 
1412 8209 
3525 8730 
1902 104 
7664 9702 
9553 3897 
6253 3154 
9126 9467 
647 8390 
7445 1089 
2450 8136 
7314 7355 
5831 7707 
9279 8941 
2300 9972 
3466 3491 
2950 673 
5829 1490 
2688 3986 
2641 9644 
7921 9633 
6149 9083 
9306 836 
786 4505 
8150 8181 
4193 1127 
9216 9358 
9057 4542 
5172 4588 
3113 6732 
9346 410 
5557 9248 
8541 1887 
2420 5217 
9786 7622 
8162 2563 
1633 9266 
4264 506 
4237 1171 
1417 9869 
4337 2810 
4939 4149 
5919 8653 
3859 2322 
9482 8735 
3141 3123 
9391 1809 
7072 3541 
4027 7884 
5774 5026 
1078 8677 
8865 7668 
8579 6725 
5793 6271 
6090 3575 
6644 3139 
9028 2709 
7201 6907 
5194 7714 
7620 417 
4361 2285 
620 7578 
6870 190 
526 4114 
20 4303 
5375 8958 
5254 7986 
9818 9595 
1676 5821 
5957 7957 
8142 5572 
1807 6819 
2295 9463 
4006 5053 
3504 7557 
750 9541 
7939 6411 
385 9492 
8066 966 
2472 8140 
7319 2634 
6049 628 
2708 9059 
9293 6890 
9182 5246 
4782 2894 
1485 8659 
454 8225 
7504 5992 
9459 7671 
6614 6529 
5789 9668 
7405 2605 
4635 9693 
4396 2105 
2556 8040 
1694 1165 
946 7140 
39 9426 
4073 2975 
6259 8741 
2335 9550 
8989 4503 
7760 3253 
5437 1862 
7203 4848 
173 2833 
125 3116 
3130 5844 
1929 2806 
2006 3363 
423 3633 
6467 1377 
9371 7307 
76 4835 
834 3948 
9223 1714 
9022 4720 
6585 6568 
3310 3176 
263 7581 
5741 122 
9907 7659 
3015 7498 
9046 1479 
2670 4441 
2802 3911 
1938 9341 
6838 2781 
7153 8278 
319 6501 
3228 6609 
5422 5154 
2821 5899 
7849 9496 
2469 85 
821 3527 
6660 7558 
6930 7575 
9847 6667 
7470 5541 
5628 1345 
1794 4960 
2253 6199 
4605 3709 
5019 2974 
3220 4886 
7698 1746 
7400 7587 
3139 207 
148 4411 
8210 1169 
9010 5247 
5461 8966 
4741 2771 
6997 7840 
8084 4082 
6205 7442 
6366 6103 
9195 6767 
2023 7390 
8432 1762 
4313 7101 
3410 8705 
6908 3240 
8452 7992 
7758 5129 
1519 4242 
4005 9668 
5873 2049 
2414 393 
2877 9890 
9784 4860 
7821 8095 
8777 825 
5087 4347 
5498 2960 
4939 185 
8004 8173 
8252 7321 
4230 4073 
8995 327 
5469 2406 
3268 5267 
3051 5583 
5694 7130 
1580 4743 
8525 1998 
3518 8557 
2454 2345 
510 7815 
4706 9837 
5813 6437 
2967 4608 
709 2778 
45 7464 
7916 3790 
7958 7507 
9729 2244 
9990 3459 
4940 2959 
1360 1651 
4330 7311 
5980 1372 
6407 6087 
5305 7609 
9348 7286 
5858 2338 
8205 2468 
223 238 
4750 3489 
3804 3281 
5597 6780 
9330 6712 
7620 3305 
8459 479 
7977 8621 
9877 4809 
1759 1590 
2496 2407 
3196 4852 
4960 2868 
4137 6749 
6087 9027 
8390 4443 
7790 2320 
172 5256 
7378 877 
8868 1132 
1598 6979 
206 8899 
7838 8267 
7952 9164 
8908 9986 
1838 6130 
1483 683 
4229 4270 
3997 2724 
1680 1802 
9410 1892 
2178 642 
4836 9204 
2564 641 
5743 2783 
7743 1320 
3897 8598 
7949 3331 
8046 6750 
9039 2898 
3204 8890 
4260 9734 
372 6805 
755 2899 
3501 9447 
9246 9537 
5444 62 
9963 5074 
1667 1179 
895 3875 
7905 9535 
5947 229 
120 1415 
3111 7560 
8283 8080 
5260 5291 
1279 3481 
1455 5954 
2024 9329 
1512 2171 
8542 9557 
9216 4314 
5966 1655 
1131 8023 
9728 1740 
7181 4663 
7210 3859 
3185 8750 
3890 693 
8439 7142 
4435 1825 
5888 1935 
8947 8046 
1826 4480 
3580 9620 
7146 153 
5473 5235 
2487 1958 
4381 8566 
7514 9712 
7814 1978 
1915 1315 
6349 7727 
4577 6811 
980 4000 
8101 1570 
7142 5055 
9333 4425 
6829 4297 
228 2340 
1511 6297 
144 9309 
3347 9760 
6116 4745 
2106 9188 
5761 7888 
8933 4234 
7664 2546 
1023 9931 
8081 388 
3626 8807 
5418 4810 
3487 8187 
9888 5347 
7813 7695 
6434 404 
5688 9024 
9945 569 
