1
1 2 2 4
1 2 2 3 3 4 6 6 9
1 2 2 3 3 4 4 4 6 6 8 8 9 12 12 16
1 2 2 3 3 4 4 4 5 5 6 6 8 8 9 10 10 12 12 15 15 16 20 20 25
1 2 2 3 3 4 4 4 5 5 6 6 6 6 8 8 9 10 10 12 12 12 12 15 15 16 18 18 20 20 24 24 25 30 30 36
1 2 2 3 3 4 4 4 5 5 6 6 6 6 7 7 8 8 9 10 10 12 12 12 12 14 14 15 15 16 18 18 20 20 21 21 24 24 25 28 28 30 30 35 35 36 42 42 49
1 2 2 3 3 4 4 4 5 5 6 6 6 6 7 7 8 8 8 8 9 10 10 12 12 12 12 14 14 15 15 16 16 16 18 18 20 20 21 21 24 24 24 24 25 28 28 30 30 32 32 35 35 36 40 40 42 42 48 48 49 56 56 64
1 2 2 3 3 4 4 4 5 5 6 6 6 6 7 7 8 8 8 8 9 9 9 10 10 12 12 12 12 14 14 15 15 16 16 16 18 18 18 18 20 20 21 21 24 24 24 24 25 27 27 28 28 30 30 32 32 35 35 36 36 36 40 40 42 42 45 45 48 48 49 54 54 56 56 63 63 64 72 72 81
1 2 2 3 3 4 4 4 5 5 6 6 6 6 7 7 8 8 8 8 9 9 9 10 10 10 10 12 12 12 12 14 14 15 15 16 16 16 18 18 18 18 20 20 20 20 21 21 24 24 24 24 25 27 27 28 28 30 30 30 30 32 32 35 35 36 36 36 40 40 40 40 42 42 45 45 48 48 49 50 50 54 54 56 56 60 60 63 63 64 70 70 72 72 80 80 81 90 90 100
